function f = FBDynamics(in1,in2,in3,in4)
%FBDYNAMICS
%    F = FBDYNAMICS(IN1,IN2,IN3,IN4)

%    This function was generated by the Symbolic Math Toolbox version 8.1.
%    06-Dec-2020 15:38:12

p1 = in3(1,:);
p2 = in3(2,:);
p3 = in3(3,:);
p4 = in3(4,:);
q1 = in1(1,:);
q2 = in1(2,:);
qd1 = in1(4,:);
qd2 = in1(5,:);
qd3 = in1(6,:);
s1 = in4(1,:);
s2 = in4(2,:);
u1 = in2(1,:);
u2 = in2(2,:);
u3 = in2(3,:);
u4 = in2(4,:);
f = [qd1;qd2;qd3;u1.*1.211827435773146e-1+u3.*1.211827435773146e-1;u2.*1.211827435773146e-1+u4.*1.211827435773146e-1-9.81e2./1.0e2;-s1.*(u2.*(p1-q1).*7.787896919719217-u1.*(p2-q2).*7.787896919719217)-s2.*(u4.*(p3-q1).*7.787896919719217-u3.*(p4-q2).*7.787896919719217)];
